from = -4
to = 9
step = 3
n = 8
x = -4; y = 3.75817e+10 
x = -1; y = 3.75817e+10 
x = 2; y = 9 
x = 5; y = -9 
x = 8; y = -27 
